DC_max: 1.4471125e+04

DC_min: 0

AC_max: 1.4109500e+03

AC_min: 0